0.9659258 1.258819 -1.417508
0.9659258 1.258819 -1.417508
0.9659258 1.258819 -1.417508
2.341441 0.9549556 -1.574875
2.341441 0.9549556 -1.574875
1.653683 1.106887 -1.974698
1.653683 1.106887 -1.974698
2.090285 1.167838 -2.007915
1.620828 1.350246 -2.119064
2.259303 1.563351 -2.164049
1.639627 2.034719 -2.396615
2.278101 2.247824 -2.550583
1.658425 2.719192 -2.664215
2.2969 2.932298 -2.759424
2.127882 2.536785 -2.865774
1.893153 2.627988 -2.922942
2.052772 2.681265 -2.961513
2.052772 2.681265 -2.961513
1.975312 2.740186 -2.986157
1.975312 2.740186 -2.986157
1.940107 2.897985 -3.003346
1.997615 2.832404 -3.006137
1.991163 2.957413 -3.015363
1.991163 2.957413 -3.015363
1.991163 2.957413 -3.015363
1.991163 2.957413 -3.015363
1.991163 2.957413 -3.015363
1.991163 2.957413 -3.015363
2.001744 2.949023 -3.015473
1.996454 2.953218 -3.015514
1.999099 2.951121 -3.015517
1.99861 2.956504 -3.01553
1.99861 2.956504 -3.01553
1.998732 2.955158 -3.015531
1.998671 2.955831 -3.015531
1.998536 2.955626 -3.015531
